The Time per frequency is :

Freq[0.400000] : 0.000000 

Freq[0.500000] : 0.000000 

Freq[0.600000] : 0.000000 

Freq[0.750000] : 0.000000 

Freq[0.900000] : 0.000000 

Freq[1.000000] : 1704.000000 

Sleeptime : 4176.000000
The Time per Voltage is :

Voltage[0.960000] : 0.000000 

Voltage[1.200000] : 0.000000 

Voltage[1.440000] : 0.000000 

Voltage[1.800000] : 0.000000 

Voltage[2.160000] : 0.000000 

Voltage[2.400000] : 1704.000000 

